% File created by CgWaveHoltz Sat May 22 18:43:06 2021
% Residuals versus iteration.
solverName='fixedPoint';
gridName='/home/henshw/grids/square64.order4.ng3.hdf';
omega=1.71700000000000e+01;
convergenceRate=  9.5275e-01;
convergenceRatePerPeriod=  9.5275e-01;
adjustOmega=1; % (1= adjust omega to account for discrete symbol of D+t D-t).
numPeriods=1; % (integrate over this many periods per Wave-Holtz iteration.
orderOfAccuracy=4;
tol=  1.0000e-10;
% itv = iteration number
itv=[0 1 2 3 4 5 6 7 8 9 10 11 12 13 14 15 16 17 18 19 20 21 22 23 24 25 26 27 28 29 30 31 32 33 34 35 36 37 38 39 ...
40 41 42 43 44 45 46 47 48 49 50 51 52 53 54 55 56 57 58 59 60 61 62 63 64 65 66 67 68 69 70 71 72 73 74 75 76 77 78 79 ...
80 81 82 83 84 85 86 87 88 89 90 91 92 93 94 95 96 97 98 99 ];
res=[ ...
 7.4240487894e-02  2.0709448127e-02  9.8040519622e-03  6.4293535521e-03  5.0104314037e-03  4.2180484504e-03  3.6951983601e-03  3.3228904336e-03  3.0467250028e-03  2.8353877723e-03 ...
 2.6688324705e-03  2.5336846151e-03  2.4208614370e-03  2.3241377456e-03  2.2392201037e-03  2.1631315326e-03  2.0937961459e-03  2.0297566731e-03  1.9699815376e-03  1.9137328458e-03 ...
 1.8604759415e-03  1.8098173824e-03  1.7614623541e-03  1.7151853832e-03  1.6708101484e-03  1.6281955195e-03  1.5872258628e-03  1.5478042740e-03  1.5098478241e-03  1.4732841918e-03 ...
 1.4380492575e-03  1.4040853629e-03  1.3713400382e-03  1.3397650569e-03  1.3093157234e-03  1.2799503272e-03  1.2516297180e-03  1.2243169688e-03  1.1979771043e-03  1.1725768801e-03 ...
 1.1480845982e-03  1.1244699529e-03  1.1017038999e-03  1.0797585442e-03  1.0586070430e-03  1.0382235217e-03  1.0185830003e-03  9.9966132874e-04  9.8143513066e-04  9.6388175293e-04 ...
 9.4697922169e-04  9.3070620336e-04  9.1504197017e-04  8.9996636967e-04  8.8545979791e-04  8.7150317567e-04  8.5807792757e-04  8.4516596370e-04  8.3274966343e-04  8.2081186118e-04 ...
 8.0933583398e-04  7.9830529047e-04  7.8770436128e-04  7.7751759050e-04  7.6772992821e-04  7.5832672369e-04  7.4929371945e-04  7.4061704572e-04  7.3228321540e-04  7.2427911933e-04 ...
 7.1659202181e-04  7.0920955623e-04  7.0211972081e-04  6.9531087428e-04  6.8877173161e-04  6.8249135950e-04  6.7645917190e-04  6.7066492520e-04  6.6509871333e-04  6.5975096263e-04 ...
 6.5461242646e-04  6.4967417966e-04  6.4492761272e-04  6.4036442577e-04  6.3597662235e-04  6.3175650297e-04  6.2769665855e-04  6.2378996361e-04  6.2002956937e-04  6.1640889673e-04 ...
 6.1292162910e-04  6.0956170524e-04  6.0632331191e-04  6.0320087661e-04  6.0018906021e-04  5.9728274964e-04  5.9447705059e-04  5.9176728024e-04  5.8914896002e-04  5.8661780855e-04 ...
];
