% File created by CgWaveHoltz Fri Jul 23 13:27:50 2021
% Residuals versus iteration.
% User defined forcing:
 userDefinedForcingOption='gaussianSources';
solverName='gmres';
gridName='/home/henshw/grids/square64.order4.ng3.hdf';
omega=1.71700000000000e+01;
c=1.00000000000000e+00;
convergenceRate=  8.1151e-01;
convergenceRatePerPeriod=  8.1151e-01;
adjustOmega=1; % (1= adjust omega to account for discrete symbol of D+t D-t).
numPeriods=1; % (integrate over this many periods per Wave-Holtz iteration.
orderOfAccuracy=4;
tol=  1.0000e-10;
% itv = iteration number
itv=[0 1 2 3 4 5 6 7 8 9 10 11 12 13 14 15 16 17 18 19 20 21 22 23 24 25 26 27 28 29 30 31 32 33 34 35 36 37 38 39 ...
40 41 42 43 44 45 46 47 48 49 50 51 52 53 54 55 56 57 58 59 60 61 62 63 64 65 66 67 68 69 70 71 72 73 74 75 76 77 78 79 ...
80 81 82 83 84 85 86 87 88 89 90 91 92 93 94 95 96 97 ];
res=[ ...
 6.8198844065e-02  1.3882883003e-02  7.6079618864e-03  4.6976829710e-03  3.1717806978e-03  2.4700864662e-03  2.0821692426e-03  1.7642635674e-03  1.0085271676e-03  8.8015868613e-04 ...
 7.5429131693e-04  6.5542722419e-04  5.8936851802e-04  5.6967006366e-04  5.5224294271e-04  5.4356764434e-04  5.3296587072e-04  5.2063467475e-04  4.9717652673e-04  4.7096690093e-04 ...
 4.6124332734e-04  4.1415422277e-04  3.7731491486e-04  3.5365150543e-04  3.3486843218e-04  3.3147701287e-04  3.2218917475e-04  2.7772088396e-04  1.9592842959e-04  4.2713694829e-05 ...
 2.9673331846e-05  2.9673331846e-05  2.8280843240e-05  1.6116202555e-05  6.5242994295e-06  3.7617605730e-06  2.8351299935e-06  2.6550203415e-06  2.5909262546e-06  2.5560692858e-06 ...
 2.3632077436e-06  2.2332335039e-06  1.9873372832e-06  1.8690568893e-06  1.8354223465e-06  1.7523041415e-06  1.6464391929e-06  1.6114502745e-06  1.5810933456e-06  1.5657353777e-06 ...
 1.5114718043e-06  1.4548758098e-06  1.3181572908e-06  1.0683982173e-06  9.6610398290e-07  6.9207534145e-07  4.8365129123e-07  4.0917912731e-07  3.2691710565e-07  2.8880598130e-07 ...
 1.9735409506e-07  1.1131158346e-07  1.1131158346e-07  6.9032542234e-08  4.2858514157e-08  3.7218934411e-08  2.9339395157e-08  2.4354397826e-08  2.0566908882e-08  1.5149441083e-08 ...
 1.1169481965e-08  9.6987205191e-09  7.2755638973e-09  5.9441743390e-09  5.4460909789e-09  5.1824967283e-09  4.9943525405e-09  4.9348874528e-09  4.7339478926e-09  4.5188555598e-09 ...
 4.1571436488e-09  4.0116788397e-09  3.8815519064e-09  3.5215139095e-09  3.2949447090e-09  3.2100631291e-09  3.1353823501e-09  3.1115818823e-09  2.8364759034e-09  2.0227472687e-09 ...
 1.1028422464e-09  5.8214774563e-10  4.1345345477e-10  4.1345350165e-10  3.8800520577e-10  3.0775185513e-10  1.5205494269e-10  8.8026458412e-11 ];
