% File created by CgWaveHoltz Sat May 22 18:42:03 2021
% Residuals versus iteration.
solverName='gmres';
gridName='/home/henshw/grids/square64.order4.ng3.hdf';
omega=1.71700000000000e+01;
convergenceRate=  8.0852e-01;
convergenceRatePerPeriod=  8.0852e-01;
adjustOmega=1; % (1= adjust omega to account for discrete symbol of D+t D-t).
numPeriods=1; % (integrate over this many periods per Wave-Holtz iteration.
orderOfAccuracy=4;
tol=  1.0000e-10;
% itv = iteration number
itv=[0 1 2 3 4 5 6 7 8 9 10 11 12 13 14 15 16 17 18 19 20 21 22 23 24 25 26 27 28 29 30 31 32 33 34 35 36 37 38 39 ...
40 41 42 43 44 45 46 47 48 49 50 51 52 53 54 55 56 57 58 59 60 61 62 63 64 65 66 67 68 69 70 71 72 73 74 75 76 77 78 79 ...
80 81 82 83 84 85 86 87 88 89 90 91 92 93 94 95 96 97 ];
res=[ ...
 6.8048040988e-02  1.3816262437e-02  7.5429089675e-03  4.6400186994e-03  3.1327063482e-03  2.4426600247e-03  2.0525941412e-03  1.7476131362e-03  9.9334555914e-04  8.6839837563e-04 ...
 7.4293424220e-04  6.4544517828e-04  5.8146082648e-04  5.6114370975e-04  5.4428184562e-04  5.3693713514e-04  5.2655943307e-04  5.1368177055e-04  4.9042987524e-04  4.6623021742e-04 ...
 4.5574256694e-04  4.1158696892e-04  3.7594379529e-04  3.5153056325e-04  3.3325895243e-04  3.2983098768e-04  3.1906400566e-04  2.7825545722e-04  1.9704454912e-04  3.6541603883e-05 ...
 2.9906694241e-05  2.9906694241e-05  2.7446745037e-05  1.1315194487e-05  4.7796519907e-06  3.0502168446e-06  2.7523732449e-06  2.6875460083e-06  2.6448375539e-06  2.5978242946e-06 ...
 2.3750957051e-06  2.2196441977e-06  2.0204357227e-06  1.8999265470e-06  1.8590710271e-06  1.7898183506e-06  1.6865578408e-06  1.6511697318e-06  1.6250309962e-06  1.6080582418e-06 ...
 1.5353054160e-06  1.4746752642e-06  1.1488104694e-06  9.2736317464e-07  8.0750255541e-07  6.5667358070e-07  4.8832636874e-07  4.0406901147e-07  3.4090020078e-07  2.7884150475e-07 ...
 1.8447836481e-07  1.2277399058e-07  1.2277399055e-07  8.3465555902e-08  5.8973246287e-08  4.5191988995e-08  3.8973475896e-08  3.2250435391e-08  2.4704680026e-08  1.9752012693e-08 ...
 1.6381956477e-08  1.3638610021e-08  1.0160057802e-08  9.5009233979e-09  9.1295877792e-09  8.9019627226e-09  8.7452525148e-09  8.6427336725e-09  8.4350184469e-09  8.1157661937e-09 ...
 7.6445322839e-09  7.4600492516e-09  7.1469117298e-09  6.4119765985e-09  5.9175567475e-09  5.5957929761e-09  5.3662820323e-09  5.3219494889e-09  4.9743867915e-09  4.3751810469e-09 ...
 2.4196593262e-09  6.9783535975e-10  5.0054152768e-10  5.0054150236e-10  4.7335107378e-10  3.9287028726e-10  1.6148795231e-10  6.1154677693e-11 ];
