% File created by CgWaveHoltz Fri Jul 23 13:25:37 2021
% Residuals versus iteration.
% User defined forcing:
 userDefinedForcingOption='gaussianSources';
solverName='fixedPoint';
gridName='/home/henshw/grids/square64.order4.ng3.hdf';
omega=1.71700000000000e+01;
c=1.00000000000000e+00;
convergenceRate=  9.8676e-01;
convergenceRatePerPeriod=  9.8676e-01;
adjustOmega=1; % (1= adjust omega to account for discrete symbol of D+t D-t).
numPeriods=1; % (integrate over this many periods per Wave-Holtz iteration.
orderOfAccuracy=4;
tol=  1.0000e-10;
% itv = iteration number
itv=[0 1 2 3 4 5 6 7 8 9 10 11 12 13 14 15 16 17 18 19 20 21 22 23 24 25 26 27 28 29 30 31 32 33 34 35 36 37 38 39 ...
40 41 42 43 44 45 46 47 48 49 50 51 52 53 54 55 56 57 58 59 60 61 62 63 64 65 66 67 68 69 70 71 72 73 74 75 76 77 78 79 ...
80 81 82 83 84 85 86 87 88 89 90 91 92 93 94 95 96 97 98 99 100 101 102 103 104 105 106 107 108 109 110 111 112 113 114 115 116 117 118 119 ...
120 121 122 123 124 125 126 127 128 129 130 131 132 133 134 135 136 137 138 139 140 141 142 143 144 145 146 147 148 149 150 151 152 153 154 155 156 157 158 159 ...
160 161 162 163 164 165 166 167 168 169 170 171 172 173 174 175 176 177 178 179 180 181 182 183 184 185 186 187 188 189 190 191 192 193 194 195 196 197 198 199 ...
200 201 202 203 204 205 206 207 208 209 210 211 212 213 214 215 216 217 218 219 220 221 222 223 224 225 226 227 228 229 230 231 232 233 234 235 236 237 238 239 ...
240 241 242 243 244 245 246 247 248 249 250 251 252 253 254 255 256 257 258 259 260 261 262 263 264 265 266 267 268 269 270 271 272 273 274 275 276 277 278 279 ...
280 281 282 283 284 285 286 287 288 289 290 291 292 293 294 295 296 297 298 299 300 301 302 303 304 305 306 307 308 309 310 311 312 313 314 315 316 317 318 319 ...
320 321 322 323 324 325 326 327 328 329 330 331 332 333 334 335 336 337 338 339 340 341 342 343 344 345 346 347 348 349 350 351 352 353 354 355 356 357 358 359 ...
360 361 362 363 364 365 366 367 368 369 370 371 372 373 374 375 376 377 378 379 380 381 382 383 384 385 386 387 388 389 390 391 392 393 394 395 396 397 398 399 ...
];
res=[ ...
 7.4240396186e-02  2.0709349035e-02  9.8038210456e-03  6.4290085061e-03  5.0100011259e-03  4.2175554876e-03  3.6946534152e-03  3.3223011469e-03  3.0460968481e-03  2.8347253027e-03 ...
 2.6681393222e-03  2.5329637680e-03  2.4201153202e-03  2.3233683828e-03  2.2384292133e-03  2.1623206119e-03  2.0929665300e-03  2.0289095772e-03  1.9691180856e-03  1.9128540893e-03 ...
 1.8595828724e-03  1.8089109405e-03  1.7605434323e-03  1.7142548310e-03  1.6698687738e-03  1.6272440906e-03  1.5862651087e-03  1.5468348858e-03  1.5088704556e-03  1.4722994603e-03 ...
 1.4370577443e-03  1.4030876142e-03  1.3703365655e-03  1.3387563380e-03  1.3083022032e-03  1.2789324183e-03  1.2506078015e-03  1.2232913951e-03  1.1969481942e-03  1.1715449253e-03 ...
 1.1470498624e-03  1.1234326727e-03  1.1006642855e-03  1.0787167805e-03  1.0575632904e-03  1.0371779171e-03  1.0175356581e-03  9.9861234188e-04  9.8038457122e-04  9.6282967338e-04 ...
 9.4592565580e-04  9.2965116714e-04  9.1398546283e-04  8.9890837457e-04  8.8440028351e-04  8.7044209646e-04  8.5701522502e-04  8.4410156716e-04  8.3168349099e-04  8.1974382061e-04 ...
 8.0826582354e-04  7.9723319978e-04  7.8663007212e-04  7.7644097762e-04  7.6665086008e-04  7.5724506326e-04  7.4820932484e-04  7.3952977092e-04  7.3119291093e-04  7.2318563286e-04 ...
 7.1549519876e-04  7.0810924033e-04  7.0101575462e-04  6.9420309971e-04  6.8765999038e-04  6.8137549361e-04  6.7533902398e-04  6.6954033895e-04  6.6396953382e-04  6.5861703666e-04 ...
 6.5347360284e-04  6.4853030947e-04  6.4377854956e-04  6.3921002595e-04  6.3481674512e-04  6.3059101067e-04  6.2652541675e-04  6.2261284123e-04  6.1884643881e-04  6.1521963395e-04 ...
 6.1172611369e-04  6.0835982045e-04  6.0511494473e-04  6.0198591776e-04  5.9896740419e-04  5.9605429472e-04  5.9324169878e-04  5.9052493727e-04  5.8789953536e-04  5.8536121531e-04 ...
 5.8290588945e-04  5.8052965324e-04  5.7822877841e-04  5.7599970629e-04  5.7383904124e-04  5.7174354419e-04  5.6971012646e-04  5.6773584354e-04  5.6581788924e-04  5.6395358986e-04 ...
 5.6214039858e-04  5.6037589004e-04  5.5865775508e-04  5.5698379561e-04  5.5535191974e-04  5.5376013698e-04  5.5220655373e-04  5.5068936881e-04  5.4920686923e-04  5.4775742615e-04 ...
 5.4633949092e-04  5.4495159133e-04  5.4359232800e-04  5.4226037093e-04  5.4095445618e-04  5.3967338268e-04  5.3841600922e-04  5.3718125153e-04  5.3596807951e-04  5.3477551455e-04 ...
 5.3360262706e-04  5.3244853399e-04  5.3131239655e-04  5.3019341801e-04  5.2909084161e-04  5.2800394854e-04  5.2693205605e-04  5.2587451566e-04  5.2483071137e-04  5.2380005809e-04 ...
 5.2278200003e-04  5.2177600922e-04  5.2078158413e-04  5.1979824827e-04  5.1882554895e-04  5.1786305607e-04  5.1691036092e-04  5.1596707513e-04  5.1503282964e-04  5.1410727364e-04 ...
 5.1319007371e-04  5.1228091286e-04  5.1137948975e-04  5.1048551785e-04  5.0959872465e-04  5.0871885100e-04  5.0784565039e-04  5.0697888828e-04  5.0611834153e-04  5.0526379776e-04 ...
 5.0441505484e-04  5.0357192035e-04  5.0273421105e-04  5.0190175247e-04  5.0107437838e-04  5.0025193043e-04  4.9943425772e-04  4.9862121643e-04  4.9781266942e-04  4.9700848595e-04 ...
 4.9620854128e-04  4.9541271643e-04  4.9462089783e-04  4.9383297710e-04  4.9304885071e-04  4.9226841983e-04  4.9149158999e-04  4.9071827094e-04  4.8994837638e-04  4.8918182381e-04 ...
 4.8841853429e-04  4.8765843228e-04  4.8690144549e-04  4.8614750469e-04  4.8539654355e-04  4.8464849853e-04  4.8390330871e-04  4.8316091567e-04  4.8242126337e-04  4.8168429804e-04 ...
 4.8094996804e-04  4.8021822377e-04  4.7948901758e-04  4.7876230368e-04  4.7803803802e-04  4.7731617822e-04  4.7659668351e-04  4.7587951462e-04  4.7516463371e-04  4.7445200435e-04 ...
 4.7374159140e-04  4.7303336094e-04  4.7232728028e-04  4.7162331785e-04  4.7092144313e-04  4.7022162668e-04  4.6952383999e-04  4.6882805553e-04  4.6813424664e-04  4.6744238751e-04 ...
 4.6675245316e-04  4.6606441939e-04  4.6537826273e-04  4.6469396042e-04  4.6401149040e-04  4.6333083125e-04  4.6265196215e-04  4.6197486291e-04  4.6129951390e-04  4.6062589602e-04 ...
 4.5995399070e-04  4.5928377989e-04  4.5861524600e-04  4.5794837190e-04  4.5728314091e-04  4.5661953678e-04  4.5595754366e-04  4.5529714608e-04  4.5463832898e-04  4.5398107761e-04 ...
 4.5332537763e-04  4.5267121498e-04  4.5201857595e-04  4.5136744714e-04  4.5071781544e-04  4.5006966803e-04  4.4942299237e-04  4.4877777619e-04  4.4813400747e-04  4.4749167445e-04 ...
 4.4685076560e-04  4.4621126964e-04  4.4557317549e-04  4.4493647231e-04  4.4430114946e-04  4.4366719651e-04  4.4303460321e-04  4.4240335953e-04  4.4177345560e-04  4.4114488174e-04 ...
 4.4051762845e-04  4.3989168639e-04  4.3926704638e-04  4.3864369941e-04  4.3802163661e-04  4.3740084929e-04  4.3678132888e-04  4.3616306696e-04  4.3554605524e-04  4.3493028557e-04 ...
 4.3431574995e-04  4.3370244048e-04  4.3309034940e-04  4.3247946907e-04  4.3186979196e-04  4.3126131065e-04  4.3065401787e-04  4.3004790641e-04  4.2944296920e-04  4.2883919927e-04 ...
 4.2823658974e-04  4.2763513384e-04  4.2703482490e-04  4.2643565633e-04  4.2583762166e-04  4.2524071449e-04  4.2464492851e-04  4.2405025751e-04  4.2345669536e-04  4.2286423600e-04 ...
 4.2227287349e-04  4.2168260193e-04  4.2109341552e-04  4.2050530853e-04  4.1991827531e-04  4.1933231029e-04  4.1874740796e-04  4.1816356288e-04  4.1758076970e-04  4.1699902313e-04 ...
 4.1641831794e-04  4.1583864897e-04  4.1526001113e-04  4.1468239939e-04  4.1410580878e-04  4.1353023440e-04  4.1295567141e-04  4.1238211502e-04  4.1180956052e-04  4.1123800322e-04 ...
 4.1066743852e-04  4.1009786187e-04  4.0952926877e-04  4.0896165477e-04  4.0839501547e-04  4.0782934655e-04  4.0726464370e-04  4.0670090269e-04  4.0613811932e-04  4.0557628947e-04 ...
