% File created by CgWaveHoltz Sat May 22 11:51:11 2021
% Residuals versus iteration.
solverName='fixedPoint';
gridName='/home/henshw/grids/cice4.order2.hdf';
omega=6.00000000000000e+00;
convergenceRate=  9.0025e-01;
convergenceRatePerPeriod=  9.0025e-01;
adjustOmega=0; % (1= adjust omega to account for discrete symbol of D+t D-t).
numPeriods=1; % (integrate over this many periods per Wave-Holtz iteration.
orderOfAccuracy=2;
tol=  1.0000e-05;
% itv = iteration number
itv=[0 1 2 3 4 5 6 7 8 9 10 11 12 13 14 15 16 17 18 19 20 21 22 23 24 25 26 27 28 29 30 31 32 33 34 35 36 37 38 39 ...
40 41 42 43 44 45 46 47 48 49 50 51 52 53 54 55 56 57 58 59 60 61 62 63 64 65 66 67 68 69 70 71 72 73 74 75 76 77 78 79 ...
80 81 82 83 84 85 86 87 88 89 90 91 92 93 94 95 96 97 98 99 ];
res=[ ...
 4.6282464570e-01  4.1497374242e-02  8.4057565095e-03  4.2352762963e-03  2.6560613093e-03  1.8241949132e-03  1.3107468288e-03  9.9146878100e-04  7.8604916069e-04  6.4781048612e-04 ...
 5.4879695755e-04  4.7335319152e-04  4.1289895020e-04  3.6273252352e-04  3.2017899676e-04  2.8361232353e-04  2.5195702171e-04  2.2443915965e-04  2.0046143056e-04  1.7953913326e-04 ...
 1.6126596491e-04  1.4529457073e-04  1.3132457860e-04  1.1909458900e-04  1.0837638057e-04  9.8970449069e-05  9.0702411109e-05  8.3420006680e-05  7.6990537588e-05  7.1298634841e-05 ...
 6.6244281611e-05  6.1741040832e-05  5.7714452746e-05  5.4100579547e-05  5.0844682736e-05  4.7900024257e-05  4.5226785447e-05  4.2791099014e-05  4.0564189146e-05  3.8521614101e-05 ...
 3.6642604681e-05  3.4909491089e-05  3.3307210094e-05  3.1822884124e-05  3.0445463978e-05  2.9165427157e-05  2.7974524323e-05  2.6865567053e-05  2.5832250763e-05  2.4869007412e-05 ...
 2.3970883276e-05  2.3133437791e-05  2.2352660006e-05  2.1624899770e-05  2.0946811200e-05  2.0315306399e-05  1.9727517716e-05  1.9180767114e-05  1.8672541460e-05  1.8200472713e-05 ...
 1.7762322174e-05  1.7355968054e-05  1.6979395759e-05  1.6630690340e-05  1.6308030668e-05  1.6009684932e-05  1.5734007135e-05  1.5479434303e-05  1.5244484177e-05  1.5027753201e-05 ...
 1.4827914654e-05  1.4643716818e-05  1.4473981092e-05  1.4317600004e-05  1.4173535094e-05  1.4040814636e-05  1.3918531223e-05  1.3805839209e-05  1.3701952045e-05  1.3606139519e-05 ...
 1.3517724935e-05  1.3436082264e-05  1.3360633280e-05  1.3290844728e-05  1.3226225527e-05  1.3166324040e-05  1.3110725424e-05  1.3059049076e-05  1.3010946185e-05  1.2966097395e-05 ...
 1.2924210588e-05  1.2885018793e-05  1.2848278210e-05  1.2813766362e-05  1.2781280368e-05  1.2750635329e-05  1.2721662830e-05  1.2694209553e-05  1.2668135986e-05  1.2643315238e-05 ...
];
