% File created by CgWaveHoltz Sat May 22 11:52:22 2021
% Residuals versus iteration.
solverName='gmres';
gridName='/home/henshw/grids/cice4.order2.hdf';
omega=6.00000000000000e+00;
convergenceRate=  8.3666e-01;
convergenceRatePerPeriod=  8.3666e-01;
adjustOmega=0; % (1= adjust omega to account for discrete symbol of D+t D-t).
numPeriods=1; % (integrate over this many periods per Wave-Holtz iteration.
orderOfAccuracy=2;
tol=  1.0000e-08;
% itv = iteration number
itv=[0 1 2 3 4 5 6 7 8 9 10 11 12 13 14 15 16 17 18 19 20 21 22 23 24 25 26 27 28 29 30 31 32 33 34 35 36 37 38 39 ...
40 41 42 43 44 45 46 47 48 49 50 51 52 53 54 55 56 57 58 59 60 61 62 63 64 65 66 67 68 69 70 71 72 73 74 75 76 77 78 79 ...
80 81 82 83 84 85 86 87 88 89 90 91 92 93 94 95 96 97 98 ];
res=[ ...
 4.5199689410e-01  3.5146754219e-02  7.5385129577e-03  3.3058166558e-03  1.3242544118e-03  6.9452528190e-04  4.8145022849e-04  1.9613766866e-04  9.7097647524e-05  8.4612018356e-05 ...
 6.0833100787e-05  4.5576158694e-05  2.0927058551e-05  1.6991811393e-05  1.4133376594e-05  1.2769273067e-05  1.2728568236e-05  1.2658357139e-05  1.0180730623e-05  4.8075540608e-06 ...
 3.8818079434e-06  3.0521077827e-06  2.7381028379e-06  2.4008017600e-06  2.1443099745e-06  1.9149186620e-06  1.7764570614e-06  1.3437048250e-06  1.0298607505e-06  6.0327095108e-07 ...
 4.8105275077e-07  4.8105275042e-07  4.4220699586e-07  4.0399621265e-07  3.5863513302e-07  2.7285878955e-07  2.2821863501e-07  1.8579905739e-07  1.6796302561e-07  1.5876858121e-07 ...
 1.4968501320e-07  1.3675606445e-07  1.2175706065e-07  1.0694567741e-07  1.0155820074e-07  9.9490799421e-08  9.7168200150e-08  9.4717724097e-08  9.3188888328e-08  9.1196138367e-08 ...
 9.0148291576e-08  8.8872220752e-08  8.8203149531e-08  8.6484418514e-08  8.5313515327e-08  8.3154556513e-08  8.1412994495e-08  8.0747770809e-08  7.9226592940e-08  7.6973643218e-08 ...
 7.4828886695e-08  7.0633259756e-08  7.0633259754e-08  6.8494174485e-08  6.7073921386e-08  6.5787786658e-08  6.4907011883e-08  6.4301073300e-08  6.3561222602e-08  6.2723995710e-08 ...
 6.0908882301e-08  5.9411577794e-08  5.8400753026e-08  5.7375412561e-08  5.6831825921e-08  5.6223722712e-08  5.5015186339e-08  5.4150379093e-08  5.3285001843e-08  5.2186775315e-08 ...
 5.1260428572e-08  4.9863284376e-08  4.7833643977e-08  4.5400545149e-08  4.3168060341e-08  4.1299502540e-08  3.9047748358e-08  3.6723541920e-08  3.3205310980e-08  2.5534142355e-08 ...
 2.0272548878e-08  1.7301930232e-08  1.6125640879e-08  1.6125640901e-08  1.5506745132e-08  1.4161104614e-08  1.2341798669e-08  1.0497503032e-08  9.7133636537e-09 ];
